#Exudyn implicit second order time integration solver solution file
#simulation started=2026-10-07,22:04:42
#columns contain: time, ODE2 displacements, ODE2 velocities, ODE2 accelerations
#number of system coordinates [nODE2, nODE1, nAlgebraic, nData] = [3,0,0,0]
#number of written coordinates [nODE2, nVel2, nAcc2, nODE1, nVel1, nAlgebraic, nData] = [3,3,3,0,0,0,0]
#total columns exported  (excl. time) = 9
#number of time steps (planned) = 1000
#Exudyn version = 1.11.0; Python3.12.13; Linux FLOAT64
#
0,-0.08,0,0,1,0,0,245,0,0
0.005,-0.07203293172,0,0,2.166206396,0,0,219.2512973,0,0
0.01,-0.05861350836,0,0,3.170675939,0,0,180.6803912,0,0
0.015,-0.04069994472,0,0,3.955745562,0,0,131.971134,0,0
0.02,-0.01950266014,0,0,4.478641703,0,0,76.36344184,0,0
0.025,0.003596239662,0,0,4.713738328,0,0,17.44070921,0,0
0.03,0.02713203197,0,0,4.653706734,0,0,-41.0986136,0,0
0.035,0.04964931969,0,0,4.309513897,0,0,-95.67086872,0,0
0.04,0.06979113291,0,0,3.709297878,0,0,-143.0243217,0,0
0.045,0.0863797904,0,0,2.896217026,0,0,-180.4305611,0,0
0.05,0.09848476129,0,0,1.925430315,0,0,-205.8390548,0,0
0.055,0.1054736823,0,0,0.8604155934,0,0,-217.9862836,0,0
0.06,0.1070438144,0,0,-0.2311319263,0,0,-216.4538763,0,0
0.065,0.1032324917,0,0,-1.281558832,0,0,-201.6734352,0,0
0.07,0.09440643862,0,0,-2.22740502,0,0,-174.8790714,0,0
0.075,0.08123113235,0,0,-3.013195378,0,0,-138.011854,0,0
0.08,0.064622585,0,0,-3.594647794,0,0,-93.58322354,0,0
0.085,0.04568493697,0,0,-3.941114989,0,0,-44.50676749,0,0
0.09,0.0256380433,0,0,-4.037129195,0,0,6.09053772,0,0
0.095,0.005739744232,0,0,-3.882977006,0,0,55.06552445,0,0
0.1,-0.01279227776,0,0,-3.49429305,0,0,99.45215965,0,0
0.105,-0.02885424789,0,0,-2.900721631,0,0,136.6392279,0,0
0.11,-0.04152123766,0,0,-2.143751487,0,0,164.5218516,0,0
0.115,-0.0500995235,0,0,-1.273876968,0,0,181.6181936,0,0
0.12,-0.05416346233,0,0,-0.3472765028,0,0,187.1450383,0,0
0.125,-0.05357500242,0,0,0.5777758624,0,0,181.0486267,0,0
0.13,-0.0484850607,0,0,1.444539011,0,0,163.9899567,0,0
0.135,-0.03931712927,0,0,2.201249675,0,0,137.2865748,0,0
0.14,-0.02673455584,0,0,2.804176814,0,0,102.8155055,0,0
0.145,-0.01159390932,0,0,3.220107614,0,0,62.88423523,0,0
0.15,0.005112363687,0,0,3.428126539,0,0,20.07845809,0,0
0.155,0.02232020764,0,0,3.420595685,0,0,-22.90349753,0,0
0.16,0.03896103627,0,0,3.203295961,0,0,-63.41907048,0,0
0.165,0.05402743372,0,0,2.794741161,0,0,-99.0422901,0,0
0.17,0.06663347994,0,0,2.224727402,0,0,-127.7073369,0,0
0.175,0.07606613018,0,0,1.532225871,0,0,-147.8264548,0,0
0.18,0.08182471568,0,0,0.7627643862,0,0,-158.3756111,0,0
0.185,0.08364643416,0,0,-0.03452885611,0,0,-158.9434411,0,0
0.19,0.08151661115,0,0,-0.810029594,0,0,-149.7413799,0,0
0.195,0.0756634782,0,0,-1.516675654,0,0,-131.5753172,0,0
0.2,0.06653817043,0,0,-2.112792387,0,0,-105.7814641,0,0
0.205,0.05478153591,0,0,-2.564517707,0,0,-74.13125123,0,0
0.21,0.04118011956,0,0,-2.847687752,0,0,-38.71186014,0,0
0.215,0.0266142903,0,0,-2.949080752,0,0,-1.790321978,0,0
0.22,0.01200188925,0,0,-2.866958582,0,0,34.33006979,0,0
0.225,-0.00175903154,0,0,-2.610890084,0,0,67.45202927,0,0
0.23,-0.01384484286,0,0,-2.200884743,0,0,95.61653088,0,0
0.235,-0.023555056,0,0,-1.665906887,0,0,117.2171744,0,0
0.24,-0.03035227991,0,0,-1.041876913,0,0,131.0900843,0,0
0.245,-0.03389118166,0,0,-0.3692948656,0,0,136.5744285,0,0
0.25,-0.03403494379,0,0,0.3093584415,0,0,133.5405673,0,0
0.255,-0.03085851699,0,0,0.9522777521,0,0,122.3849037,0,0
0.26,-0.02463879433,0,0,1.520882688,0,0,103.9925724,0,0
0.265,-0.01583263278,0,0,1.982106225,0,0,79.67105082,0,0
0.27,-0.005044370871,0,0,2.310288285,0,0,51.05948575,0,0
0.275,0.007014904368,0,0,2.488567981,0,0,20.01989917,0,0
0.28,0.01957363767,0,0,2.50970141,0,0,-11.48260124,0,0
0.285,0.03184865532,0,0,2.376268981,0,0,-41.5029832,0,0
0.29,0.04309352265,0,0,2.100274617,0,0,-68.23517971,0,0
0.295,0.05264345342,0,0,1.702176436,0,0,-90.11951574,0,0
0.3,0.05995409939,0,0,1.209422434,0,0,-105.9323607,0,0
0.305,0.06463199041,0,0,0.6545932637,0,0,-114.8529423,0,0
0.31,0.06645496252,0,0,0.07327579937,0,0,-116.5037853,0,0
0.315,0.06538156734,0,0,-0.4981953466,0,0,-110.9629416,0,0
0.32,0.06154915701,0,0,-1.024986478,0,0,-98.74796013,0,0
0.325,0.05526104167,0,0,-1.475865857,0,0,-80.77327489,0,0
0.33,0.04696377743,0,0,-1.825031817,0,0,-58.2842845,0,0
0.335,0.03721622238,0,0,-2.053562471,0,0,-32.77274359,0,0
0.34,0.02665246303,0,0,-2.150407371,0,0,-5.879120719,0,0
0.345,0.01594103816,0,0,-2.112871553,0,0,20.71176236,0,0
0.35,0.005743054058,0,0,-1.94657478,0,0,45.37523875,0,0
0.355,-0.003328210508,0,0,-1.664901442,0,0,66.64503348,0,0
0.36,-0.01074376692,0,0,-1.287987434,0,0,83.29935448,0,0
0.365,-0.01608930597,0,0,-0.8413176304,0,0,94.42985308,0,0
0.37,-0.01908779825,0,0,-0.354029649,0,0,99.48964388,0,0
0.375,-0.01961311077,0,0,0.1429647334,0,0,98.31795325,0,0
0.38,-0.01769402555,0,0,0.618920711,0,0,91.14046032,0,0
0.385,-0.01350865051,0,0,1.045143431,0,0,78.54590911,0,0
0.39,-0.007369802661,0,0,1.39669869,0,0,61.4410132,0,0
0.395,0.000297516388,0,0,1.653850591,0,0,40.98695608,0,0
0.4,0.008984975007,0,0,1.803144654,0,0,18.52183921,0,0
0.405,0.01813416887,0,0,1.838078656,0,0,-4.52581546,0,0
0.41,0.02717213112,0,0,1.759330188,0,0,-26.72697875,0,0
0.415,0.03554686016,0,0,1.574537901,0,0,-46.7398399,0,0
0.42,0.04276068393,0,0,1.297660887,0,0,-63.39001426,0,0
0.425,0.04839946627,0,0,0.9479659222,0,0,-75.73849528,0,0
0.43,0.05215596514,0,0,0.5487139079,0,0,-83.13348239,0,0
0.435,0.05384605344,0,0,0.125633577,0,0,-85.24330149,0,0
0.44,0.05341698276,0,0,-0.2947186202,0,0,-82.06886381,0,0
0.445,0.05094737934,0,0,-0.6866089631,0,0,-73.93540354,0,0
0.45,0.04663917633,0,0,-1.026685685,0,0,-61.46451239,0,0
0.455,0.04080217664,0,0,-1.295353519,0,0,-45.52867402,0,0
0.46,0.03383237574,0,0,-1.477883756,0,0,-27.19152058,0,0
0.465,0.02618552877,0,0,-1.565198208,0,0,-7.637830893,0,0
0.47,0.01834770196,0,0,-1.554286991,0,0,11.90218006,0,0
0.475,0.01080469015,0,0,-1.44824354,0,0,30.22949233,0,0
0.48,0.004012205632,0,0,-1.255924136,0,0,46.2491066,0,0
0.485,-0.001631351008,0,0,-0.9912621128,0,0,59.03468808,0,0
0.49,-0.005807930383,0,0,-0.6722873587,0,0,67.88126275,0,0
0.495,-0.008297373377,0,0,-0.3199185688,0,0,72.34302629,0,0
0.5,-0.008988508987,0,0,0.0433920175,0,0,72.25431238,0,0
0.505,-0.007883288678,0,0,0.3950745648,0,0,67.73284887,0,0
0.51,-0.005093875314,0,0,0.7138298705,0,0,59.16553893,0,0
0.515,-0.0008330391992,0,0,0.9809053477,0,0,47.17807126,0,0
0.52,0.004601384157,0,0,1.181183214,0,0,32.59062354,0,0
0.525,0.01084687403,0,0,1.304018724,0,0,16.36272131,0,0
0.53,0.01750007194,0,0,1.343783171,0,0,-0.4690957092,0,0
0.535,0.02414254731,0,0,1.3000856,0,0,-16.85679628,0,0
0.54,0.03036685244,0,0,1.177667569,0,0,-31.80546893,0,0
0.545,0.03580126045,0,0,0.9859854625,0,0,-44.43307845,0,0
0.55,0.04013170038,0,0,0.7385137309,0,0,-54.02181961,0,0
0.555,0.04311961199,0,0,0.4518186867,0,0,-60.0581234,0,0
0.56,0.04461472531,0,0,0.1444653799,0,0,-62.25914018,0,0
0.565,0.0445621056,0,0,-0.1641712349,0,0,-60.58440782,0,0
0.57,0.04300317279,0,0,-0.4551155096,0,0,-55.23235444,0,0
0.575,0.04007078167,0,0,-0.7109459667,0,0,-46.62222433,0,0
0.58,0.03597881108,0,0,-0.9168262729,0,0,-35.36289633,0,0
0.585,0.03100703694,0,0,-1.061352099,0,0,-22.21083185,0,0
0.59,0.02548233368,0,0,-1.137166428,0,0,-8.020002059,0,0
0.595,0.01975744869,0,0,-1.14131126,0,0,6.312934575,0,0
0.6,0.01418871241,0,0,-1.075300624,0,0,19.9047221,0,0
0.605,0.009114078522,0,0,-0.9449173045,0,0,31.93939022,0,0
0.61,0.004832833941,0,0,-0.759752564,0,0,41.71667797,0,0
0.615,0.001588182807,0,0,-0.5325234611,0,0,48.69216029,0,0
0.62,-0.000446297436,0,0,-0.2782151546,0,0,52.50681936,0,0
0.625,-0.001175592124,0,0,-0.01310515584,0,0,53.00450609,0,0
0.63,-0.0005871427959,0,0,0.2462676667,0,0,50.23651866,0,0
0.635,0.001250416567,0,0,0.484124685,0,0,44.45333516,0,0
0.64,0.004193475686,0,0,0.6863972381,0,0,36.08432459,0,0
0.645,0.008034112752,0,0,0.8415479673,0,0,25.70697828,0,0
0.65,0.01251444346,0,0,0.9412165141,0,0,14.00780878,0,0
0.655,0.01734368266,0,0,0.9806542838,0,0,1.737521938,0,0
0.66,0.02221680443,0,0,0.9589267921,0,0,-10.33664504,0,0
0.665,0.02683361587,0,0,0.8788769103,0,0,-21.47842423,0,0
0.67,0.0309170635,0,0,0.7468571653,0,0,-31.02694459,0,0
0.675,0.03422966778,0,0,0.572253224,0,0,-38.43543556,0,0
0.68,0.03658712296,0,0,0.3668329623,0,0,-43.3019722,0,0
0.685,0.03786829767,0,0,0.1439653774,0,0,-45.39057106,0,0
0.69,0.03802111109,0,0,-0.0822395031,0,0,-44.64158021,0,0
0.695,0.03706402581,0,0,-0.2978149735,0,0,-41.17098966,0,0
0.7,0.03508317395,0,0,-0.4897913838,0,0,-35.25897797,0,0
0.705,0.03222540071,0,0,-0.6469676092,0,0,-27.32866373,0,0
0.71,0.02868775292,0,0,-0.7605549321,0,0,-17.91660765,0,0
0.715,0.02470414574,0,0,-0.8246569636,0,0,-7.637079524,0,0
0.72,0.02053009525,0,0,-0.8365601936,0,0,2.857562838,0,0
0.725,0.01642650206,0,0,-0.7968220076,0,0,12.91785488,0,0
0.73,0.01264350443,0,0,-0.7091557658,0,0,21.93701775,0,0
0.735,0.009405390452,0,0,-0.5801250046,0,0,29.38714889,0,0
0.74,0.006897469217,0,0,-0.4186702424,0,0,34.84967817,0,0
0.745,0.005255658413,0,0,-0.2355015625,0,0,38.03836178,0,0
0.75,0.004559360486,0,0,-0.04239756837,0,0,38.81358663,0,0
0.755,0.004827983457,0,0,0.1485439468,0,0,37.18732162,0,0
0.76,0.00602123003,0,0,0.3256564339,0,0,33.31864276,0,0
0.765,0.00804304424,0,0,0.4784100347,0,0,27.50033923,0,0
0.77,0.01074888317,0,0,0.5980298522,0,0,20.13764282,0,0
0.775,0.01395578534,0,0,0.6779912465,0,0,11.72058041,0,0
0.78,0.01745454879,0,0,0.7143647897,0,0,2.791804076,0,0
0.785,0.02102321927,0,0,0.7059934155,0,0,-6.088015253,0,0
0.79,0.02444102837,0,0,0.654495032,0,0,-14.37504609,0,0
0.795,0.02750191494,0,0,0.564094743,0,0,-21.57526106,0,0
0.8,0.03002681009,0,0,0.4413011802,0,0,-27.27353113,0,0
0.805,0.0318739624,0,0,0.2944506607,0,0,-31.1571593,0,0
0.81,0.03294671769,0,0,0.1331504096,0,0,-33.03254626,0,0
0.815,0.03319833887,0,0,-0.03234248746,0,0,-32.83413474,0,0
0.82,0.03263364297,0,0,-0.1917666944,0,0,-30.62527394,0,0
0.825,0.03130743331,0,0,-0.3354865663,0,0,-26.59115044,0,0
0.83,0.02931990236,0,0,-0.4550681424,0,0,-21.0244152,0,0
0.835,0.02680936196,0,0,-0.5437671671,0,0,-14.30456908,0,0
0.84,0.02394281321,0,0,-0.5969013567,0,0,-6.872526249,0,0
0.845,0.02090498811,0,0,-0.6120869165,0,0,0.797964304,0,0
0.85,0.01788657329,0,0,-0.5893281424,0,0,8.230207496,0,0
0.855,0.01507235879,0,0,-0.5309582311,0,0,14.97389417,0,0
0.86,0.01263004129,0,0,-0.4414386042,0,0,20.63208981,0,0
0.865,0.01070035264,0,0,-0.3270325543,0,0,24.88428118,0,0
0.87,0.009389087231,0,0,-0.1953763458,0,0,27.50416365,0,0
0.875,0.008761470442,0,0,-0.05497662611,0,0,28.37120703,0,0
0.88,0.00883915615,0,0,0.08533318492,0,0,27.4754437,0,0
0.885,0.009599972764,0,0,0.21694315,0,0,24.91535234,0,0
0.89,0.0109803655,0,0,0.3319897739,0,0,20.88913739,0,0
0.895,0.01288031845,0,0,0.4238202433,0,0,15.68010266,0,0
0.9,0.01517039323,0,0,0.4873709001,0,0,9.637162432,0,0
0.905,0.0177003998,0,0,0.519438834,0,0,3.151806319,0,0
0.91,0.02030912717,0,0,0.5188325624,0,0,-3.36698074,0,0
0.915,0.02283451033,0,0,0.486395531,0,0,-9.518253492,0,0
0.92,0.02512359887,0,0,0.4249041319,0,0,-14.93351785,0,0
0.925,0.02704172007,0,0,0.3388495947,0,0,-19.29854814,0,0
0.93,0.02848029405,0,0,0.2341200029,0,0,-22.37133513,0,0
0.935,0.02936285454,0,0,0.1176044193,0,0,-23.99515846,0,0
0.94,0.02964894996,0,0,-0.003254661665,0,0,-24.10610158,0,0
0.945,0.02933573759,0,0,-0.1209317861,0,0,-22.73468505,0,0
0.95,0.02845723016,0,0,-0.2282824971,0,0,-20.00166291,0,0
0.955,0.02708129867,0,0,-0.3189724577,0,0,-16.10838438,0,0
0.96,0.02530467109,0,0,-0.3878462595,0,0,-11.32244643,0,0
0.965,0.02324628321,0,0,-0.43121477,0,0,-5.959634181,0,0
0.97,0.0210394304,0,0,-0.4470453894,0,0,-0.3633490484,0,0
0.975,0.01882323169,0,0,-0.4350459359,0,0,5.117150467,0,0
0.98,0.01673394701,0,0,-0.3966396355,0,0,10.14833066,0,0
0.985,0.01489668416,0,0,-0.3348354369,0,0,14.43246677,0,0
0.99,0.01341799495,0,0,-0.2540041961,0,0,17.72503361,0,0
0.995,0.01237979289,0,0,-0.1595767905,0,0,19.84840173,0,0
1,0.01183493341,0,0,-0.05768461785,0,0,20.70108957,0,0
#simulation finished=2026-10-07,22:04:42
#Solver Info: cpuTime=0.00219358,stepReductionFailed(or step failed)=0,discontinuousIterationSuccessful=1,newtonSolutionDiverged=0,massMatrixNotInvertible=0,total time steps=1000,total Newton iterations=1000,total Newton jacobians=1000
